{
 "cells": [
  {
   "cell_type": "markdown",
   "metadata": {},
   "source": [
    "A = (eigenvectors @ eigenvalues) @ eigenvectors^{-1}  \n",
    "\n",
    "A @ eigenvectors = (eigenvectors @ eigenvalues)  \n",
    "\n",
    "eigenvectors.T @ A.T = (eigenvectors @ eigenvalues).T\n",
    "\n",
    "A.T = solve(eigenvectors.T, (eigenvectors @ eigenvalues).T)\n",
    "\n",
    "A = solve(eigenvectors.T, (eigenvectors @ eigenvalues).T).T"
   ]
  },
  {
   "cell_type": "code",
   "execution_count": 1,
   "metadata": {},
   "outputs": [],
   "source": [
    "import jax\n",
    "import jax.numpy as jnp\n",
    "import matplotlib.pyplot as plt\n",
    "import sys\n",
    "\n",
    "sys.path.append(\"..\")  # or the full path to your project root if needed\n",
    "# from train_tools import train_koopman_model\n",
    "from at import run, eigvalues, eigvectors"
   ]
  },
  {
   "cell_type": "code",
   "execution_count": null,
   "metadata": {},
   "outputs": [
    {
     "data": {
      "text/plain": [
       "[{'start_vec': Array([-0.57702952, -0.30154879,  0.05624228, -0.12803631, -0.23651614,\n",
       "         -0.48743754, -0.05637906,  0.16249252,  0.43406932, -0.1707584 ],      dtype=float64),\n",
       "  'output': DecompResult(rs=Array([[-5.81659491e-01, -7.62332677e-01, -2.83628071e-01,\n",
       "          -8.73170366e-03,  0.00000000e+00, -2.03857229e-16,\n",
       "           5.32455765e-15, -4.20428964e-12,  3.63394059e-07,\n",
       "          -8.57100561e-13],\n",
       "         [-3.03968357e-01,  2.31927720e-01, -9.65326857e-03,\n",
       "           3.13562856e-01,  6.41105916e-01,  5.44136962e-01,\n",
       "           1.24232980e-01,  3.21087328e-02,  6.14802219e-02,\n",
       "           1.50162102e-01],\n",
       "         [ 5.66935551e-02, -4.32571572e-02, -1.58447036e-03,\n",
       "           5.14676505e-02,  3.88938958e-02,  7.36262664e-02,\n",
       "           4.17680552e-01, -7.33454096e-01, -8.22690216e-01,\n",
       "          -5.20737808e-01],\n",
       "         [-1.29063649e-01,  9.84755062e-02, -7.85323394e-05,\n",
       "           2.55093127e-03, -7.24028214e-02, -3.03775118e-01,\n",
       "           3.17722811e-01, -4.20058255e-01, -2.57762384e-01,\n",
       "           7.70141073e-01],\n",
       "         [-2.38413903e-01,  1.81909701e-01, -2.27309824e-02,\n",
       "           7.38360455e-01, -1.60215769e-01, -4.48861144e-01,\n",
       "           1.95521146e-01,  2.31308338e-01,  1.84057033e-01,\n",
       "          -2.13122387e-01],\n",
       "         [-4.91348645e-01,  3.74898796e-01,  4.84526225e-03,\n",
       "          -1.57386512e-01, -6.40847489e-01,  4.20223426e-01,\n",
       "           4.75845747e-02, -3.76196658e-03, -1.19856966e-02,\n",
       "          -4.16458788e-02],\n",
       "         [-5.68314342e-02,  4.33623588e-02,  1.55590803e-03,\n",
       "          -5.05398727e-02, -3.66196525e-02, -7.10990172e-02,\n",
       "          -1.75391145e-01, -9.10661906e-02, -1.12723079e-01,\n",
       "          -1.17586265e-01],\n",
       "         [ 1.63796324e-01, -1.24976522e-01,  7.27357908e-03,\n",
       "          -2.36264454e-01, -3.87926532e-02,  8.77062475e-02,\n",
       "           7.97896855e-01,  4.66561594e-01,  4.53478033e-01,\n",
       "          -1.84376884e-02],\n",
       "         [ 4.37552204e-01, -3.33852135e-01, -1.59894631e-02,\n",
       "           5.19378664e-01, -3.78190209e-01,  4.64115619e-01,\n",
       "          -3.55961223e-02, -7.12369899e-02, -2.42915282e-02,\n",
       "           2.27693209e-01],\n",
       "         [-1.72128530e-01, -2.25594536e-01,  9.58440531e-01,\n",
       "           2.95063132e-02, -1.32281818e-17, -4.28100180e-16,\n",
       "           3.54970510e-15, -9.33561209e-12,  2.42221784e-07,\n",
       "          -1.90323049e-12]], dtype=float64), ls=Array([[-9.50763668e-01, -1.24608680e-01, -2.83761100e-01,\n",
       "          -8.73579908e-04, -4.74743892e-18,  2.83189408e-18,\n",
       "           5.27967495e-19, -2.13589928e-18,  5.29372075e-18,\n",
       "          -9.99385298e-16],\n",
       "         [-4.96857825e-02,  3.79102298e-01, -9.65779622e-04,\n",
       "           3.13709926e-01,  6.41105916e-01,  5.44136962e-01,\n",
       "           1.24232980e-01,  3.21087310e-02,  1.50162101e-01,\n",
       "           9.63464101e-02],\n",
       "         [ 9.26696344e-03, -7.07068895e-02, -1.58521352e-04,\n",
       "           5.14917902e-02,  3.88938958e-02,  7.36262664e-02,\n",
       "           4.17680552e-01, -7.33454102e-01, -5.20737809e-01,\n",
       "          -4.18310672e-02],\n",
       "         [-2.10963682e-02,  1.60965195e-01, -7.85691732e-06,\n",
       "           2.55212773e-03, -7.24028214e-02, -3.03775118e-01,\n",
       "           3.17722811e-01, -4.20058260e-01,  7.70141072e-01,\n",
       "           7.48541764e-02],\n",
       "         [-3.89704424e-02,  2.97344301e-01, -2.27416439e-03,\n",
       "           7.38706767e-01, -1.60215769e-01, -4.48861144e-01,\n",
       "           1.95521146e-01,  2.31308335e-01, -2.13122387e-01,\n",
       "           8.72792494e-03],\n",
       "         [-8.03144188e-02,  6.12798656e-01,  4.84753481e-04,\n",
       "          -1.57460331e-01, -6.40847489e-01,  4.20223426e-01,\n",
       "           4.75845747e-02, -3.76196719e-03, -4.16458789e-02,\n",
       "          -4.41288523e-02],\n",
       "         [-9.28950075e-03,  7.08788491e-02,  1.55663779e-04,\n",
       "          -5.05635774e-02, -3.66196525e-02, -7.10990172e-02,\n",
       "          -1.75391145e-01, -9.10661881e-02, -1.17586265e-01,\n",
       "           9.65947975e-01],\n",
       "         [ 2.67736702e-02, -2.04282983e-01,  7.27699059e-04,\n",
       "          -2.36375269e-01, -3.87926532e-02,  8.77062475e-02,\n",
       "           7.97896855e-01,  4.66561582e-01, -1.84376907e-02,\n",
       "           1.94477583e-01],\n",
       "         [ 7.15210091e-02, -5.45704979e-01, -1.59969626e-03,\n",
       "           5.19622267e-01, -3.78190209e-01,  4.64115619e-01,\n",
       "          -3.55961223e-02, -7.12369894e-02,  2.27693209e-01,\n",
       "           1.02292863e-01],\n",
       "         [-2.81356282e-01, -3.68750259e-02,  9.58890067e-01,\n",
       "           2.95201525e-03, -1.47342213e-18,  1.15932420e-18,\n",
       "           1.96713908e-19, -7.15848820e-19,  1.65686428e-18,\n",
       "          -4.99692649e-16]], dtype=float64), as_=Array([6.11781362e+00, 1.63457088e+00, 9.99531192e+00, 1.00046903e+00,\n",
       "         1.00000000e+00, 1.00000000e+00, 1.00000000e+00, 1.00000000e+00,\n",
       "         1.99759564e-01, 6.74724165e-15], dtype=float64), bs_=Array([7.80387946e+00, 2.26497299e-15, 3.04633182e-01, 3.36667949e-16,\n",
       "         2.67633684e-15, 3.25537453e-13, 7.18151783e-09, 4.89922472e-01,\n",
       "         9.80048058e-01], dtype=float64))},\n",
       " {'start_vec': Array([ 0.11520781,  0.22125389, -0.03839709,  0.30376642, -0.30978095,\n",
       "         -0.05355883,  0.17933229, -0.33405833,  0.00165811,  0.45794962],      dtype=float64),\n",
       "  'output': DecompResult(rs=Array([[ 1.47716536e-01,  1.94169438e-01, -8.62947960e-01,\n",
       "          -4.42491665e-01, -7.05357237e-16, -6.63439442e-15,\n",
       "          -2.17321590e-13, -9.50476626e-10, -1.92612337e-07,\n",
       "          -9.71583027e-15],\n",
       "         [ 2.83686128e-01, -2.15817342e-01,  3.54179121e-01,\n",
       "          -6.90720695e-01,  2.15574242e-01, -3.51446859e-01,\n",
       "           4.61255123e-02,  3.13447197e-01,  3.13444460e-01,\n",
       "          -6.21773202e-03],\n",
       "         [-4.92317692e-02,  3.74536099e-02, -3.81783521e-02,\n",
       "           7.44554840e-02,  3.19725129e-01,  4.35648491e-01,\n",
       "          -5.37999504e-01,  6.22956223e-01,  6.22958529e-01,\n",
       "          -1.33149156e-01],\n",
       "         [ 3.89481603e-01, -2.96302413e-01, -9.30348454e-03,\n",
       "           1.81436706e-02, -4.30052763e-01,  5.50350937e-02,\n",
       "          -4.78733841e-01, -6.61854022e-02, -6.61786220e-02,\n",
       "           5.78386067e-01],\n",
       "         [-3.97193286e-01,  3.02169160e-01, -8.60403691e-03,\n",
       "           1.67796067e-02,  3.81034211e-01, -5.10112686e-01,\n",
       "          -3.98722176e-01, -1.52836863e-01, -1.52835801e-01,\n",
       "           4.00858394e-01],\n",
       "         [-6.86717685e-02,  5.22428031e-02, -1.59464708e-01,\n",
       "           3.10988331e-01, -2.56845914e-01, -3.60669162e-01,\n",
       "           3.52514842e-01,  6.89547426e-01,  6.89547364e-01,\n",
       "           2.72199100e-01],\n",
       "         [ 2.29935317e-01, -1.74925821e-01, -7.52138747e-02,\n",
       "           1.46682220e-01,  6.20422394e-01,  2.92692795e-01,\n",
       "           4.00404155e-01, -6.74586141e-02, -6.74519053e-02,\n",
       "           5.00996047e-01],\n",
       "         [-4.28321129e-01,  3.25850009e-01,  2.23689771e-01,\n",
       "          -4.36240153e-01, -2.64235056e-01,  4.55069152e-01,\n",
       "           1.85419900e-01,  7.06270088e-02,  7.06339533e-02,\n",
       "           3.90219261e-01],\n",
       "         [ 2.12598619e-03, -1.61736738e-03,  2.55730900e-03,\n",
       "          -4.98726815e-03, -2.13823239e-02, -2.47474098e-02,\n",
       "           3.59550540e-02, -3.03692812e-02, -3.03705009e-02,\n",
       "          -9.82562243e-02],\n",
       "         [ 5.87171391e-01,  7.71821101e-01,  2.17094506e-01,\n",
       "           1.11319006e-01,  5.29017928e-16,  3.31719721e-15,\n",
       "           2.01022471e-13,  4.75467786e-10,  1.78169364e-07,\n",
       "           4.86411375e-15]], dtype=float64), ls=Array([[ 2.41890409e-01,  3.17958477e-02, -9.68510059e-01,\n",
       "          -4.96620478e-02,  7.13369838e-19, -2.18324123e-18,\n",
       "           1.07214600e-18,  2.27500450e-18,  2.32399200e-18,\n",
       "          -1.39554808e-17],\n",
       "         [ 4.64544833e-02, -3.53407591e-01,  3.97504900e-02,\n",
       "          -7.75214697e-01,  2.15574242e-01, -3.51446859e-01,\n",
       "           4.61255123e-02,  3.13447144e-01, -6.21773202e-03,\n",
       "          -2.15487182e-03],\n",
       "         [-8.06185489e-03,  6.13314477e-02, -4.28486071e-03,\n",
       "           8.35634228e-02,  3.19725129e-01,  4.35648491e-01,\n",
       "          -5.37999504e-01,  6.22956829e-01, -1.33149156e-01,\n",
       "           4.37162789e-02],\n",
       "         [ 6.37788205e-02, -4.85204392e-01, -1.04415547e-03,\n",
       "           2.03631369e-02, -4.30052763e-01,  5.50350937e-02,\n",
       "          -4.78733841e-01, -6.61848606e-02,  5.78386067e-01,\n",
       "           6.34192650e-02],\n",
       "         [-6.50416324e-02,  4.94811372e-01, -9.65654557e-04,\n",
       "           1.88322108e-02,  3.81034211e-01, -5.10112686e-01,\n",
       "          -3.98722176e-01, -1.52836414e-01,  4.00858394e-01,\n",
       "           4.63453403e-02],\n",
       "         [-1.12452151e-02,  8.55492104e-02, -1.78971596e-02,\n",
       "           3.49030697e-01, -2.56845914e-01, -3.60669162e-01,\n",
       "           3.52514842e-01,  6.89547029e-01,  2.72199100e-01,\n",
       "           2.29326152e-02],\n",
       "         [ 3.76526213e-02, -2.86446457e-01, -8.44145855e-03,\n",
       "           1.64625461e-01,  6.20422394e-01,  2.92692795e-01,\n",
       "           4.00404155e-01, -6.74590679e-02,  5.00996047e-01,\n",
       "           5.37925190e-02],\n",
       "         [-7.01389132e-02,  5.33589496e-01,  2.51053138e-02,\n",
       "          -4.89604236e-01, -2.64235056e-01,  4.55069152e-01,\n",
       "           1.85419900e-01,  7.06268003e-02,  3.90219261e-01,\n",
       "           3.83711279e-02],\n",
       "         [ 3.48136833e-04, -2.64848924e-03,  2.87013773e-04,\n",
       "          -5.59734723e-03, -2.13823239e-02, -2.47474098e-02,\n",
       "           3.59550540e-02, -3.03693217e-02, -9.82562243e-02,\n",
       "           9.93490043e-01],\n",
       "         [ 9.61511364e-01,  1.26388099e-01,  2.43651092e-01,\n",
       "           1.24936361e-02, -7.11376682e-19,  2.97161331e-18,\n",
       "           1.15266609e-18, -3.95024798e-18,  6.87203102e-18,\n",
       "          -2.79109615e-17]], dtype=float64), as_=Array([6.10675457e+00, 1.63753101e+00, 8.91005675e+00, 1.12232731e+00,\n",
       "         1.00000000e+00, 1.00000000e+00, 1.00000000e+00, 1.00000000e+00,\n",
       "         1.02311860e-05, 4.25070753e-18], dtype=float64), bs_=Array([7.81191659e+00, 5.89377410e-16, 4.51123820e+00, 5.46319483e-16,\n",
       "         1.13922530e-14, 3.93448317e-12, 5.64156819e-07, 5.00000000e-01,\n",
       "         1.00000000e+00], dtype=float64))},\n",
       " {'start_vec': Array([-0.0823927 , -0.01241093,  0.03411343, -0.13109361,  0.56630751,\n",
       "         -0.33773613, -0.05822544,  0.22339535, -0.03544043,  0.08997251],      dtype=float64),\n",
       "  'output': DecompResult(rs=Array([[-1.13961705e-01, -6.65674332e-01, -7.36826181e-01,\n",
       "          -3.12664730e-02, -4.51886966e-16,  0.00000000e+00,\n",
       "          -3.09023897e-10,  2.00610894e-14, -2.22399784e-17,\n",
       "          -3.26523114e-18],\n",
       "         [-1.71662168e-02,  2.93881141e-03, -8.56979730e-04,\n",
       "           2.01955974e-02,  2.86299168e-03, -1.49161289e-02,\n",
       "           1.08505280e-02,  1.08507874e-02,  1.08367263e-01,\n",
       "           1.86426355e-01],\n",
       "         [ 4.71840970e-02, -8.07779400e-03, -3.95088139e-03,\n",
       "           9.31065313e-02, -1.07917044e-02,  6.20080706e-01,\n",
       "           6.18610005e-01,  6.18599676e-01, -2.30386804e-01,\n",
       "          -3.97540981e-01],\n",
       "         [-1.81322523e-01,  3.10419418e-02,  8.18521555e-04,\n",
       "          -1.92892915e-02, -9.82744012e-01, -2.37656931e-11,\n",
       "           2.76294127e-10, -1.43117252e-06, -1.60134661e-15,\n",
       "           1.70826534e-15],\n",
       "         [ 7.83289925e-01, -1.34097187e-01, -3.53590760e-03,\n",
       "           8.33272526e-02, -1.50396196e-01,  5.58006355e-02,\n",
       "           4.85242788e-02,  4.85231216e-02, -3.37109612e-01,\n",
       "           4.67223778e-01],\n",
       "         [-4.67140737e-01,  7.99732724e-02, -2.77943181e-02,\n",
       "           6.55001326e-01,  7.58370443e-02,  3.31007481e-02,\n",
       "           1.86963829e-02,  1.86958991e-02, -4.16300786e-01,\n",
       "           4.02871196e-01],\n",
       "         [-8.05346932e-02,  1.37873288e-02,  3.63547678e-04,\n",
       "          -8.56737014e-03,  1.54631269e-02,  3.79278765e-01,\n",
       "           2.58378887e-01,  2.58372660e-01,  6.73842345e-01,\n",
       "           5.44885203e-01],\n",
       "         [ 3.08989942e-01, -5.28982699e-02, -3.12979076e-02,\n",
       "           7.37566971e-01, -7.31845348e-02, -1.92141039e-01,\n",
       "          -3.85112424e-03, -3.84800780e-03,  4.40543031e-01,\n",
       "          -3.46915708e-01],\n",
       "         [-4.90195376e-02,  8.39201662e-03,  3.95916689e-03,\n",
       "          -9.33017875e-02,  1.11441196e-02, -6.55970652e-01,\n",
       "           7.40084648e-01,  7.40095557e-01, -9.35702370e-03,\n",
       "           9.67095121e-02],\n",
       "         [ 1.24445741e-01,  7.26913799e-01, -6.74751637e-01,\n",
       "          -2.86324026e-02, -1.96868079e-16,  3.02362508e-14,\n",
       "          -1.36887911e-10,  1.82071410e-09, -7.23852758e-18,\n",
       "           4.38083050e-18]], dtype=float64), ls=Array([[-5.83160694e-01, -3.40636451e-01, -7.37482623e-01,\n",
       "          -3.12943284e-03, -7.93061684e-18,  3.95119716e-18,\n",
       "          -2.88991498e-19, -1.52116948e-17,  0.00000000e+00,\n",
       "          -3.88185224e-15],\n",
       "         [-8.78423408e-03,  1.50383790e-02, -8.57743218e-05,\n",
       "           2.02135898e-02,  2.86299168e-03, -1.49161289e-02,\n",
       "           1.08507756e-02,  1.08367263e-01,  1.86426355e-01,\n",
       "           9.75931048e-01],\n",
       "         [ 2.41448747e-02, -4.13353940e-02, -3.95440125e-04,\n",
       "           9.31894804e-02, -1.07917044e-02,  6.20080706e-01,\n",
       "           6.18599708e-01, -2.30386804e-01, -3.97540981e-01,\n",
       "           1.03077263e-01],\n",
       "         [-9.27857029e-02,  1.58846696e-01,  8.19250780e-05,\n",
       "          -1.93064764e-02, -9.82744012e-01, -2.04991417e-16,\n",
       "          -5.71156732e-17, -1.61107604e-15,  1.74223743e-15,\n",
       "           5.54550320e-16],\n",
       "         [ 4.00822275e-01, -6.86197251e-01, -3.53905775e-04,\n",
       "           8.34014893e-02, -1.50396196e-01,  5.58006355e-02,\n",
       "           4.85233531e-02, -3.37109612e-01,  4.67223778e-01,\n",
       "          -3.86097425e-02],\n",
       "         [-2.39043561e-01,  4.09236324e-01, -2.78190802e-03,\n",
       "           6.55584871e-01,  7.58370443e-02,  3.31007481e-02,\n",
       "           1.86958292e-02, -4.16300786e-01,  4.02871196e-01,\n",
       "          -5.26929747e-02],\n",
       "         [-4.12109206e-02,  7.05520182e-02,  3.63871564e-05,\n",
       "          -8.57500286e-03,  1.54631269e-02,  3.79278765e-01,\n",
       "           2.58372589e-01,  6.73842345e-01,  5.44885203e-01,\n",
       "          -1.77311211e-01],\n",
       "         [ 1.58115211e-01, -2.70689105e-01, -3.13257911e-03,\n",
       "           7.38224073e-01, -7.31845348e-02, -1.92141039e-01,\n",
       "          -3.84793674e-03,  4.40543031e-01, -3.46915708e-01,\n",
       "           4.97605547e-03],\n",
       "         [-2.50840997e-02,  4.29433225e-02,  3.96269413e-04,\n",
       "          -9.33849106e-02,  1.11441196e-02, -6.55970652e-01,\n",
       "           7.40095542e-01, -9.35702370e-03,  9.67095121e-02,\n",
       "          -3.46753289e-02],\n",
       "         [ 6.36809225e-01,  3.71973688e-01, -6.75352777e-01,\n",
       "          -2.86579113e-03,  8.54734589e-18, -4.32101282e-18,\n",
       "           2.07276014e-19,  1.70502253e-17,  3.05209478e-16,\n",
       "           8.87280511e-15]], dtype=float64), as_=Array([1.95420758e+00, 5.11716367e+00, 9.99109887e+00, 1.00089091e+00,\n",
       "         1.00000000e+00, 1.00000000e+00, 1.00000000e+00, 7.42627700e-08,\n",
       "         5.63280681e-16, 5.17864360e-14], dtype=float64), bs_=Array([8.42589513e+00, 1.54421227e-15, 4.19714986e-01, 3.61459023e-15,\n",
       "         1.20677488e-11, 8.30280420e-06, 5.00000000e-01, 1.00000000e+00,\n",
       "         1.00000000e+00], dtype=float64))},\n",
       " {'start_vec': Array([ 0.15945107,  0.19555973,  0.08001068, -0.09249029,  0.16002975,\n",
       "         -0.14334264,  0.18407851,  0.17741665,  0.80850218,  0.24483648],      dtype=float64),\n",
       "  'output': DecompResult(rs=Array([[ 1.67725883e-01,  5.19313663e-01, -8.16910119e-01,\n",
       "          -1.86652632e-01,  0.00000000e+00, -7.44981889e-16,\n",
       "           4.29049662e-15, -7.13332188e-13,  6.04615652e-09,\n",
       "          -1.37997115e-08],\n",
       "         [ 2.05708420e-01, -6.64388960e-02, -1.09401138e-01,\n",
       "           4.78808658e-01, -1.61533710e-01,  5.43749190e-01,\n",
       "          -5.61462432e-01,  2.61770253e-01, -7.90966903e-02,\n",
       "          -7.91106561e-02],\n",
       "         [ 8.41628858e-02, -2.71825977e-02, -9.22519461e-03,\n",
       "           4.03752935e-02,  5.02946692e-03,  1.50382807e-02,\n",
       "           5.29561956e-02,  1.01282120e-02,  4.52785091e-02,\n",
       "           4.52780202e-02],\n",
       "         [-9.72901303e-02,  3.14223834e-02,  5.77812788e-02,\n",
       "          -2.52887467e-01,  5.01100754e-01,  7.30585669e-01,\n",
       "           3.40713342e-01,  5.20033031e-02, -1.36273409e-01,\n",
       "          -1.36275880e-01],\n",
       "         [ 1.68334592e-01, -5.43680440e-02,  9.32032022e-02,\n",
       "          -4.07916235e-01,  2.65107300e-01, -2.32194590e-01,\n",
       "          -4.45056749e-01,  1.30906200e-01, -6.71542105e-01,\n",
       "          -6.71549166e-01],\n",
       "         [-1.50781494e-01,  4.86988134e-02,  2.81642744e-02,\n",
       "          -1.23264700e-01,  3.58846117e-02, -1.49855406e-01,\n",
       "           7.58770098e-02,  9.35029828e-01,  2.34815403e-01,\n",
       "           2.34767133e-01],\n",
       "         [ 1.93631379e-01, -6.25383008e-02, -1.16087933e-01,\n",
       "           5.08074307e-01,  7.64092421e-01, -2.94317442e-01,\n",
       "           1.25850746e-02, -2.71289800e-03,  1.19558604e-01,\n",
       "           1.19558779e-01],\n",
       "         [ 1.86623803e-01, -6.02750214e-02,  1.03329540e-01,\n",
       "          -4.52235503e-01,  1.98147271e-01,  8.37618547e-02,\n",
       "          -4.72778516e-01, -1.54263694e-01,  6.72844871e-01,\n",
       "           6.72852517e-01],\n",
       "         [ 8.50459913e-01, -2.74678196e-01,  2.42863245e-02,\n",
       "          -1.06292336e-01, -1.67661698e-01,  1.85869064e-02,\n",
       "           3.71966742e-01,  1.15963579e-01, -1.25527190e-03,\n",
       "          -1.26100237e-03],\n",
       "         [ 2.57542427e-01,  7.97404067e-01,  5.32017084e-01,\n",
       "           1.21558525e-01,  9.78561624e-17, -2.29225197e-16,\n",
       "           5.00557939e-15, -1.39186768e-13,  7.06093662e-09,\n",
       "          -2.69245118e-09]], dtype=float64), ls=Array([[ 5.21311676e-01,  1.61408765e-01, -8.37743970e-01,\n",
       "          -1.91412878e-02,  3.88645442e-18, -1.72157634e-18,\n",
       "           2.32222305e-18, -2.77313442e-18, -1.74235623e-18,\n",
       "           1.39838612e-18],\n",
       "         [ 6.39365846e-02, -2.06499865e-01, -1.12191221e-02,\n",
       "           4.91019828e-01, -1.61533710e-01,  5.43749190e-01,\n",
       "          -5.61462432e-01,  2.61770253e-01, -7.91102544e-02,\n",
       "           1.62817966e-02],\n",
       "         [ 2.61588100e-02, -8.44866950e-02, -9.46046691e-04,\n",
       "           4.14049941e-02,  5.02946692e-03,  1.50382807e-02,\n",
       "           5.29561956e-02,  1.01282120e-02,  4.52779846e-02,\n",
       "          -9.92599600e-01],\n",
       "         [-3.02389112e-02,  9.76644453e-02,  5.92548884e-03,\n",
       "          -2.59336915e-01,  5.01100754e-01,  7.30585669e-01,\n",
       "           3.40713342e-01,  5.20033031e-02, -1.36276139e-01,\n",
       "           6.16611831e-03],\n",
       "         [ 5.23203613e-02, -1.68982244e-01,  9.55801854e-03,\n",
       "          -4.18319418e-01,  2.65107300e-01, -2.32194590e-01,\n",
       "          -4.45056749e-01,  1.30906200e-01, -6.71548856e-01,\n",
       "          -5.69128479e-02],\n",
       "         [-4.68646530e-02,  1.51361612e-01,  2.88825545e-03,\n",
       "          -1.26408349e-01,  3.58846117e-02, -1.49855406e-01,\n",
       "           7.58770098e-02,  9.35029828e-01,  2.34767079e-01,\n",
       "           2.81522965e-03],\n",
       "         [ 6.01828989e-02, -1.94376358e-01, -1.19048551e-02,\n",
       "           5.21031846e-01,  7.64092421e-01, -2.94317442e-01,\n",
       "           1.25850746e-02, -2.71289800e-03,  1.19558753e-01,\n",
       "           4.53862985e-02],\n",
       "         [ 5.80048621e-02, -1.87341821e-01,  1.05964778e-02,\n",
       "          -4.63768972e-01,  1.98147271e-01,  8.37618547e-02,\n",
       "          -4.72778516e-01, -1.54263694e-01,  6.72852846e-01,\n",
       "           4.28724371e-03],\n",
       "         [ 2.64332895e-01, -8.53731981e-01,  2.49057044e-03,\n",
       "          -1.09003134e-01, -1.67661698e-01,  1.85869064e-02,\n",
       "           3.71966742e-01,  1.15963579e-01, -1.26126256e-03,\n",
       "           9.54862395e-02],\n",
       "         [ 8.00472007e-01,  2.47842517e-01,  5.45585240e-01,\n",
       "           1.24658661e-02, -5.65069294e-19, -3.72951911e-20,\n",
       "           5.38553050e-18, -5.42623102e-18, -5.13526313e-19,\n",
       "           1.68238980e-18]], dtype=float64), as_=Array([3.21738206e+00, 3.10811704e+00, 9.75131005e+00, 1.02550323e+00,\n",
       "         1.00000000e+00, 1.00000000e+00, 1.00000000e+00, 1.00000000e+00,\n",
       "         9.99999999e-01, 2.11057078e-09], dtype=float64), bs_=Array([8.99933671e+00, 7.85107512e-16, 2.20460778e+00, 2.51724276e-16,\n",
       "         7.50910397e-16, 1.98551151e-14, 1.83561735e-11, 2.58458585e-05,\n",
       "         5.00000001e-01], dtype=float64))},\n",
       " {'start_vec': Array([ 0.19980793,  0.400782  ,  0.24891045, -0.24805273,  0.34328373,\n",
       "         -0.26402396, -0.29648567,  0.25742317,  0.53962639, -0.02134795],      dtype=float64),\n",
       "  'output': DecompResult(rs=Array([[ 2.04203636e-01,  9.73146659e-01,  1.01307729e-01,\n",
       "           3.19874905e-02,  2.41272240e-15,  2.10131744e-14,\n",
       "           4.34587527e-11,  2.18062497e-06,  5.14356585e-11,\n",
       "           3.62006750e-19],\n",
       "         [ 4.09599074e-01, -8.59496557e-02, -1.80400494e-01,\n",
       "           5.71347240e-01, -1.02896471e-01, -4.26448596e-01,\n",
       "           1.42236839e-01,  2.10817873e-01,  1.55825581e-01,\n",
       "          -4.34652489e-01],\n",
       "         [ 2.54386397e-01, -5.33800601e-02, -6.94622695e-03,\n",
       "           2.19994275e-02,  2.48486635e-03, -2.75019139e-01,\n",
       "          -2.43667430e-01,  2.64865932e-01,  5.52628372e-01,\n",
       "           6.98302749e-01],\n",
       "         [-2.53509803e-01,  5.31961170e-02, -1.00094289e-01,\n",
       "           3.17009084e-01, -5.52176415e-02,  3.49797403e-01,\n",
       "           7.39537945e-01,  7.09778807e-01,  3.04368145e-01,\n",
       "           2.38836620e-01],\n",
       "         [ 3.50835855e-01, -7.36188698e-02,  1.54987907e-01,\n",
       "          -4.90862916e-01,  5.91290209e-01, -6.58549670e-02,\n",
       "           3.99286930e-01,  4.28229097e-01,  2.23220064e-01,\n",
       "          -1.89460401e-01],\n",
       "         [-2.69832396e-01,  5.66212255e-02, -1.89868842e-02,\n",
       "           6.01334488e-02,  1.49488538e-01,  3.59439839e-01,\n",
       "          -4.14367542e-01,  2.20082662e-01,  6.38220397e-01,\n",
       "          -4.18685499e-01],\n",
       "         [-3.03008261e-01,  6.35827993e-02,  1.42336939e-01,\n",
       "          -4.50795977e-01, -5.74748322e-01, -3.80213059e-01,\n",
       "           1.90460957e-01,  2.95285655e-01,  2.25674368e-01,\n",
       "          -1.56289590e-01],\n",
       "         [ 2.63086391e-01, -5.52056539e-02,  7.66065741e-03,\n",
       "          -2.42621035e-02, -9.21578623e-02,  4.08866987e-01,\n",
       "          -7.22940396e-02, -2.05339185e-01, -2.07733710e-01,\n",
       "           1.27521936e-01],\n",
       "         [ 5.51497989e-01, -1.15725511e-01,  5.78411541e-02,\n",
       "          -1.83188986e-01, -5.24935724e-01,  4.18186306e-01,\n",
       "           2.90891074e-02,  1.42974018e-01,  1.62621085e-01,\n",
       "          -1.20525863e-01],\n",
       "         [-2.18176020e-02, -1.03973303e-01,  9.48198000e-01,\n",
       "           2.99389541e-01, -2.53970779e-16,  2.54784740e-13,\n",
       "          -9.39648707e-12,  2.64588236e-05, -1.11212221e-11,\n",
       "          -9.80327979e-19]], dtype=float64), ls=Array([[ 8.97623276e-01,  4.27768628e-01,  1.06184813e-01,\n",
       "           3.35274095e-03, -1.56381139e-17, -2.17170733e-17,\n",
       "          -1.45706845e-17,  7.22072833e-19, -2.51873667e-16,\n",
       "           0.00000000e+00],\n",
       "         [ 1.80048539e-01, -3.77811155e-01, -1.89085207e-02,\n",
       "           5.98852632e-01, -1.02896471e-01, -4.26448596e-01,\n",
       "           1.42236842e-01,  1.55825584e-01, -4.34652489e-01,\n",
       "           1.99943599e-01],\n",
       "         [ 1.11821295e-01, -2.34644130e-01, -7.28062727e-04,\n",
       "           2.30585083e-02,  2.48486635e-03, -2.75019139e-01,\n",
       "          -2.43667428e-01,  5.52628374e-01,  6.98302749e-01,\n",
       "           6.21734681e-02],\n",
       "         [-1.11435969e-01,  2.33835566e-01, -1.04912957e-02,\n",
       "           3.32270310e-01, -5.52176415e-02,  3.49797403e-01,\n",
       "           7.39537943e-01,  3.04368143e-01,  2.38836620e-01,\n",
       "           1.95665280e-02],\n",
       "         [ 1.54217836e-01, -3.23608396e-01,  1.62449224e-02,\n",
       "          -5.14493689e-01,  5.91290209e-01, -6.58549670e-02,\n",
       "           3.99286930e-01,  2.23220065e-01, -1.89460401e-01,\n",
       "           8.61006980e-02],\n",
       "         [-1.18610934e-01,  2.48891405e-01, -1.99009373e-03,\n",
       "           6.30283504e-02,  1.49488538e-01,  3.59439839e-01,\n",
       "          -4.14367545e-01,  6.38220394e-01, -4.18685499e-01,\n",
       "           1.18915435e-01],\n",
       "         [-1.33194136e-01,  2.79492577e-01,  1.49189222e-02,\n",
       "          -4.72497876e-01, -5.74748322e-01, -3.80213059e-01,\n",
       "           1.90460960e-01,  2.25674371e-01, -1.56289590e-01,\n",
       "           3.06819272e-01],\n",
       "         [ 1.15645575e-01, -2.42668940e-01,  8.02945133e-04,\n",
       "          -2.54301124e-02, -9.21578623e-02,  4.08866987e-01,\n",
       "          -7.22940421e-02, -2.07733713e-01,  1.27521936e-01,\n",
       "           8.28724139e-01],\n",
       "         [ 2.42423417e-01, -5.08697664e-01,  6.06257017e-03,\n",
       "          -1.92007940e-01, -5.24935724e-01,  4.18186306e-01,\n",
       "           2.90891048e-02,  1.62621082e-01, -1.20525863e-01,\n",
       "          -3.91533132e-01],\n",
       "         [-9.59042051e-02, -4.57038173e-02,  9.93845473e-01,\n",
       "           3.13802540e-02,  1.38266141e-18,  2.11891869e-18,\n",
       "           2.52492363e-18, -5.69681754e-19,  3.59819524e-17,\n",
       "           0.00000000e+00]], dtype=float64), as_=Array([2.27493695e+00, 4.39572621e+00, 9.54069849e+00, 1.04814129e+00,\n",
       "         1.00000000e+00, 1.00000000e+00, 1.00000000e+00, 7.63852740e-01,\n",
       "         3.79352525e-16, 3.00817553e-14], dtype=float64), bs_=Array([8.74655663e+00, 4.84429515e-15, 2.97934091e+00, 4.78190713e-16,\n",
       "         1.80388654e-13, 3.10754502e-09, 3.22695286e-01, 7.08264496e-01,\n",
       "         1.00000000e+00], dtype=float64))},\n",
       " {'start_vec': Array([-0.06795509, -0.00488596, -0.22058246, -0.36690297,  0.60858887,\n",
       "          0.48756873, -0.12097403,  0.35021335, -0.0902344 , -0.10007416],      dtype=float64),\n",
       "  'output': DecompResult(rs=Array([[-6.96669000e-02, -5.57434420e-01,  8.22432339e-01,\n",
       "           8.95457349e-02, -1.48351062e-16,  0.00000000e+00,\n",
       "          -2.70747623e-14,  0.00000000e+00, -1.29188402e-07,\n",
       "          -2.17160203e-18],\n",
       "         [-5.00904307e-03,  6.26018936e-04,  9.74299450e-04,\n",
       "          -8.94844826e-03, -1.13944650e-02, -5.54766305e-03,\n",
       "          -1.09341904e-02, -5.66406198e-02, -5.66330296e-02,\n",
       "           2.61907515e-02],\n",
       "         [-2.26139004e-01,  2.82623441e-02, -1.63679454e-02,\n",
       "           1.50331310e-01,  2.90448896e-01, -8.72488031e-01,\n",
       "           2.78893163e-01, -4.26190742e-02, -4.26276271e-02,\n",
       "           8.74083381e-04],\n",
       "         [-3.76145368e-01,  4.70098020e-02,  1.44155466e-02,\n",
       "          -1.32399513e-01,  1.84665618e-01,  1.34195380e-01,\n",
       "           1.19597510e-01,  8.51965566e-01,  8.52028529e-01,\n",
       "           2.10674038e-01],\n",
       "         [ 6.23919411e-01, -7.79760446e-02, -2.39113388e-02,\n",
       "           2.19613567e-01, -4.85021970e-01, -1.98459670e-01,\n",
       "           3.40365555e-01,  4.05521209e-01,  4.05514218e-01,\n",
       "          -1.59189358e-02],\n",
       "         [ 4.99850737e-01, -6.24702208e-02,  8.09818699e-02,\n",
       "          -7.43777565e-01,  4.14015229e-01, -1.09843594e-01,\n",
       "           4.68511262e-02,  2.84216873e-02,  2.84199904e-02,\n",
       "          -1.48438091e-03],\n",
       "         [-1.24021406e-01,  1.54999163e-02,  4.75304630e-03,\n",
       "          -4.36543292e-02,  8.25148623e-02,  3.48752170e-01,\n",
       "           8.87391837e-01, -2.57843846e-01, -2.57842581e-01,\n",
       "          -7.57454038e-03],\n",
       "         [ 3.59035338e-01, -4.48714290e-02, -6.38289903e-02,\n",
       "           5.86237031e-01,  6.82627971e-01,  2.16470144e-01,\n",
       "          -4.59151756e-02,  7.72679030e-02,  7.72701893e-02,\n",
       "          -2.99657301e-03],\n",
       "         [-9.25074333e-02,  1.15613709e-02,  3.54529213e-03,\n",
       "          -3.25617172e-02,  4.43130326e-02,  2.80393431e-02,\n",
       "           1.33891018e-02,  1.77260004e-01,  1.76974621e-01,\n",
       "          -9.77040307e-01],\n",
       "         [-1.02595060e-01, -8.20906599e-01, -5.58470470e-01,\n",
       "          -6.08057906e-02,  6.02417819e-17, -1.10392010e-15,\n",
       "          -4.07261140e-15, -1.05291788e-10, -1.94279901e-08,\n",
       "          -3.07869902e-14]], dtype=float64), ls=Array([[-4.38638944e-01, -3.50973626e-01,  8.27243776e-01,\n",
       "           9.00696001e-03,  9.65065318e-18,  2.97073379e-18,\n",
       "          -1.13176238e-17, -1.38460818e-17, -3.64965482e-18,\n",
       "           0.00000000e+00],\n",
       "         [-3.15380958e-03,  3.94156027e-03,  9.79999348e-05,\n",
       "          -9.00079895e-03, -1.13944650e-02, -5.54766305e-03,\n",
       "          -1.09341904e-02, -5.66406175e-02,  2.61907515e-02,\n",
       "          -9.97857310e-01],\n",
       "         [-1.42382357e-01,  1.77946267e-01, -1.64637021e-03,\n",
       "           1.51210786e-01,  2.90448896e-01, -8.72488031e-01,\n",
       "           2.78893163e-01, -4.26191329e-02,  8.74083364e-04,\n",
       "           7.08928331e-04],\n",
       "         [-2.36829839e-01,  2.95984605e-01,  1.44998812e-03,\n",
       "          -1.33174083e-01,  1.84665618e-01,  1.34195380e-01,\n",
       "           1.19597510e-01,  8.51965541e-01,  2.10674038e-01,\n",
       "          -4.38761219e-02],\n",
       "         [ 3.92834117e-01, -4.90955244e-01, -2.40512262e-03,\n",
       "           2.20898362e-01, -4.85021970e-01, -1.98459670e-01,\n",
       "           3.40365555e-01,  4.05521138e-01, -1.59189358e-02,\n",
       "          -2.56975782e-02],\n",
       "         [ 3.14717606e-01, -3.93326984e-01,  8.14556344e-03,\n",
       "          -7.48128852e-01,  4.14015229e-01, -1.09843594e-01,\n",
       "           4.68511262e-02,  2.84216775e-02, -1.48438091e-03,\n",
       "          -2.08187091e-03],\n",
       "         [-7.80867506e-02,  9.75910645e-02,  4.78085282e-04,\n",
       "          -4.39097180e-02,  8.25148623e-02,  3.48752170e-01,\n",
       "           8.87391837e-01, -2.57844032e-01, -7.57454044e-03,\n",
       "           2.86050908e-03],\n",
       "         [ 2.26056968e-01, -2.82520913e-01, -6.42024061e-03,\n",
       "           5.89666667e-01,  6.82627971e-01,  2.16470144e-01,\n",
       "          -4.59151756e-02,  7.72679117e-02, -2.99657301e-03,\n",
       "          -2.01097265e-02],\n",
       "         [-5.82448234e-02,  7.27930701e-02,  3.56603298e-04,\n",
       "          -3.27522115e-02,  4.43130326e-02,  2.80393431e-02,\n",
       "           1.33891018e-02,  1.77260001e-01, -9.77040307e-01,\n",
       "          -3.57475644e-02],\n",
       "         [-6.45962270e-01, -5.16861815e-01, -5.61737663e-01,\n",
       "          -6.11615199e-03,  1.32982169e-17,  3.04106954e-18,\n",
       "          -1.68132787e-17, -2.00643607e-17, -5.35728500e-18,\n",
       "          -2.44097180e-16]], dtype=float64), as_=Array([ 1.58825159e+00,  6.29623170e+00,  9.94183773e+00,  1.00585025e+00,\n",
       "          1.00000000e+00,  1.00000000e+00,  1.00000000e+00,  1.00000000e+00,\n",
       "          2.92383761e-04, -6.82156265e-18], dtype=float64), bs_=Array([7.67039264e+00, 1.03804502e-15, 1.07150724e+00, 3.23883107e-16,\n",
       "         4.49363509e-15, 1.08743504e-12, 1.04781823e-07, 4.99999979e-01,\n",
       "         9.99999957e-01], dtype=float64))},\n",
       " {'start_vec': Array([-0.08527651, -0.72068353, -0.09496139, -0.15157502, -0.3498494 ,\n",
       "         -0.09126348, -0.11967105,  0.20002759, -0.10366823, -0.32610978],      dtype=float64),\n",
       "  'output': DecompResult(rs=Array([[-9.19132899e-02, -2.35702535e-01,  9.67243301e-01,\n",
       "           2.08964028e-02,  1.07487846e-16,  0.00000000e+00,\n",
       "           4.58464310e-13, -2.23982444e-11,  3.37521763e-11,\n",
       "           2.62296559e-18],\n",
       "         [-7.76771830e-01,  3.02905756e-01, -5.87947964e-03,\n",
       "           2.72146711e-01,  6.76938703e-03, -2.63968938e-03,\n",
       "           4.48476123e-02,  2.67491335e-02,  2.61423645e-02,\n",
       "           3.62881459e-01],\n",
       "         [-1.02351906e-01,  3.99125976e-02, -1.38146549e-03,\n",
       "           6.39446535e-02, -3.11213019e-02, -2.35379736e-02,\n",
       "          -1.34996176e-01,  4.15687883e-01,  4.17560007e-01,\n",
       "           3.75549933e-01],\n",
       "         [-1.63371578e-01,  6.37075001e-02,  2.32182216e-03,\n",
       "          -1.07471460e-01,  1.76069638e-01,  1.57713390e-01,\n",
       "           7.02946023e-01, -4.92483405e-01, -5.02077680e-01,\n",
       "          -3.93613064e-02],\n",
       "         [-3.77076968e-01,  1.47042902e-01, -1.54849632e-03,\n",
       "           7.16761018e-02,  8.68768314e-02, -9.66170763e-02,\n",
       "          -5.04811606e-02,  2.65378950e-01,  2.66088819e-01,\n",
       "          -8.40556038e-01],\n",
       "         [-9.83661982e-02,  3.83583524e-02,  1.59238905e-02,\n",
       "          -7.37077887e-01,  1.99848384e-01, -4.38609075e-01,\n",
       "           2.44224086e-01,  3.44066522e-01,  3.40780195e-01,\n",
       "           1.18743257e-01],\n",
       "         [-1.28984631e-01,  5.02981516e-02,  6.55215573e-03,\n",
       "          -3.03283239e-01, -9.17609271e-01,  1.71894621e-01,\n",
       "           1.07689572e-01,  1.73005070e-02,  1.58422723e-02,\n",
       "          -7.13272482e-02],\n",
       "         [ 2.15595043e-01, -8.40722807e-02, -7.10723245e-03,\n",
       "           3.28976381e-01, -1.79124384e-02,  2.58786831e-01,\n",
       "           6.00731692e-01,  6.16082617e-01,  6.07979684e-01,\n",
       "          -2.82221452e-03],\n",
       "         [-1.11736366e-01,  4.35721112e-02,  8.67406304e-03,\n",
       "          -4.01501131e-01,  2.79589936e-01,  8.22395476e-01,\n",
       "          -2.25748205e-01,  1.23625671e-01,  1.26702589e-01,\n",
       "          -1.62562850e-04],\n",
       "         [-3.51489778e-01, -9.01360748e-01, -2.52930581e-01,\n",
       "          -5.46433282e-03, -4.29951383e-17,  0.00000000e+00,\n",
       "          -1.92163029e-13,  2.06753025e-11, -1.41475747e-11,\n",
       "           1.26909424e-17]], dtype=float64), ls=Array([[-2.45060124e-01, -6.28432434e-02,  9.67466740e-01,\n",
       "           2.09012300e-03,  7.33273119e-19, -3.73925838e-19,\n",
       "           1.52675774e-19,  4.06766481e-19,  1.38827687e-18,\n",
       "          -1.48672689e-17],\n",
       "         [-2.07103675e-01,  8.07610327e-01, -5.88083784e-04,\n",
       "           2.72209579e-01,  6.76938703e-03, -2.63968938e-03,\n",
       "           4.48476123e-02,  2.61423646e-02,  3.62881459e-01,\n",
       "           3.10394507e-01],\n",
       "         [-2.72891666e-02,  1.06415363e-01, -1.38178462e-04,\n",
       "           6.39594251e-02, -3.11213019e-02, -2.35379736e-02,\n",
       "          -1.34996176e-01,  4.17560008e-01,  3.75549933e-01,\n",
       "          -8.05418893e-01],\n",
       "         [-4.35582921e-02,  1.69857568e-01,  2.32235851e-04,\n",
